route_id,service_id,trip_id,trip_short_name
18864,2234,251329,5
18864,2234,251328,5
18864,2235,255325,5
18864,2234,251327,5
18864,2235,255324,5
18864,2234,251326,5
18864,2235,255323,5
18864,2234,251325,5
18864,2234,251324,5
18864,2235,255322,5
18864,2234,251323,5
18864,2235,255321,5
18864,2235,255312,5
18864,2234,251309,5
18864,2235,255311,5
18864,2234,251308,5
18864,2234,251307,5
18864,2235,255310,5
18864,2234,251306,5
18864,2234,251305,5
18864,2235,255309,5
18864,2234,251304,5
18864,2235,255308,5
18864,2234,251303,5
18864,2235,255307,5
18864,2234,251302,5
18864,2235,255306,5
18864,2234,251301,5
18864,2235,255305,5
18864,2234,251300,5
18864,2234,251299,5
18864,2234,251322,5
18864,2235,255320,5
18864,2234,251321,5
18864,2234,251320,5
18864,2235,255319,5
18864,2234,251319,5
18864,2235,255318,5
18864,2234,251318,5
18864,2235,255317,5
18864,2234,251317,5
18864,2235,255316,5
18864,2234,251316,5
18864,2235,256406,5
18864,2234,251315,5
18864,2235,255315,5
18864,2234,251314,5
18864,2234,251313,5
18864,2235,255314,5
18864,2234,251312,5
18864,2235,255313,5
18864,2234,251311,5
18864,2234,251310,5
18864,2235,255304,5
18864,2234,251297,5
18864,2234,251343,5
18864,2235,255336,5
18864,2234,251342,5
18864,2234,251341,5
18864,2235,255335,5
18864,2234,251340,5
18864,2235,255334,5
18864,2234,251339,5
18864,2235,255333,5
18864,2234,251338,5
18864,2234,251337,5
18864,2235,255332,5
18864,2234,251336,5
18864,2235,255331,5
18864,2234,251335,5
18864,2234,251334,5
18864,2235,255330,5
18864,2234,251333,5
18864,2235,255329,5
18864,2234,251332,5
18864,2235,255328,5
18864,2234,251331,5
18864,2234,251330,5
18864,2235,255327,5
18864,2235,255326,5
18871,2235,255394,5
18871,2234,251638,5
18871,2234,251639,5
18871,2235,255395,5
18871,2234,251640,5
18871,2235,255396,5
18871,2234,251641,5
18871,2234,251642,5
18871,2235,255397,5
18871,2234,251643,5
18871,2235,255398,5
18871,2235,255406,5
18871,2235,255400,5
18871,2235,255401,5
18871,2234,251646,5
18871,2234,251647,5
18871,2235,255402,5
18871,2234,251648,5
18871,2235,255403,5
18871,2234,251649,5
18871,2235,255404,5
18871,2234,251650,5
18871,2234,251651,5
18871,2235,255405,5
18871,2234,251652,5
18871,2234,251644,5
18871,2235,255399,5
18871,2234,251645,5
18871,2234,251629,5
18871,2235,255387,5
18871,2234,251630,5
18871,2235,255388,5
18871,2234,251631,5
18871,2235,255389,5
18871,2234,251632,5
18871,2234,251367,5
18871,2234,251675,5
18871,2235,255337,5
18871,2234,251674,5
18871,2234,251673,5
18871,2235,255421,5
18871,2234,251672,5
18871,2235,255420,5
18871,2234,251671,5
18871,2235,255419,5
18871,2234,251670,5
18871,2234,251669,5
18871,2235,255418,5
18871,2234,251668,5
18871,2235,255417,5
18871,2234,251667,5
18871,2235,255416,5
18871,2234,251666,5
18871,2234,251665,5
18871,2235,255415,5
18871,2234,251664,5
18871,2235,255414,5
18871,2234,251663,5
18871,2234,251662,5
18871,2235,255413,5
18871,2234,251661,5
18871,2235,255412,5
18871,2234,251660,5
18871,2235,255411,5
18871,2234,251659,5
18871,2234,251658,5
18871,2235,255410,5
18871,2234,251657,5
18871,2235,255409,5
18871,2234,251656,5
18871,2235,255408,5
18871,2234,251655,5
18871,2234,251654,5
18871,2235,255407,5
18871,2234,251653,5
18871,2235,255390,5
18871,2234,251633,5
18871,2235,255391,5
18871,2234,251634,5
18871,2235,255392,5
18871,2234,251635,5
18871,2234,251636,5
18871,2235,255393,5
18871,2234,251637,5
18979,2234,427432,19
18979,2234,427456,19
18979,2234,427455,19
18979,2235,259648,19
18979,2234,427454,19
18979,2235,259647,19
18979,2235,261727,19
18979,2234,427453,19
18979,2234,427452,19
18979,2235,261728,19
18979,2234,427451,19
18979,2235,261729,19
18979,2234,427450,19
18979,2235,261730,19
18979,2234,427449,19
18979,2234,427448,19
18979,2235,261756,19
18979,2234,427447,19
18979,2235,261755,19
18979,2234,427446,19
18979,2235,261754,19
18979,2234,427445,19
18979,2234,427444,19
18979,2235,261753,19
18979,2234,427443,19
18979,2235,261752,19
18979,2235,261751,19
18979,2234,427442,19
18979,2235,261750,19
18979,2234,427441,19
18979,2235,261749,19
18979,2234,427440,19
18979,2235,261748,19
18979,2234,427439,19
18979,2235,261747,19
18979,2234,427438,19
18979,2234,427437,19
18979,2235,261746,19
18979,2235,261745,19
18979,2234,427436,19
18979,2235,261744,19
18979,2234,427435,19
18979,2235,261743,19
18979,2235,261742,19
18979,2234,427434,19
18979,2235,261741,19
18979,2234,427433,19
18979,2235,261785,19
18979,2235,261739,19
18979,2235,261738,19
18979,2234,427431,19
18979,2234,427430,19
18979,2235,261737,19
18979,2234,427429,19
18979,2235,261736,19
18979,2234,427428,19
18979,2235,261735,19
18979,2234,427427,19
18979,2234,427426,19
18979,2235,261734,19
18979,2234,427425,19
18979,2235,261733,19
18979,2234,427424,19
18979,2235,261732,19
18979,2234,427423,19
18979,2234,427422,19
18979,2234,427421,19
18979,2235,261731,19
18979,2234,427420,19
18979,2234,427419,19
18979,2234,427418,19
18980,2235,259969,19
18980,2235,261769,19
18980,2234,427394,19
18980,2235,261768,19
18980,2234,427393,19
18980,2235,261767,19
18980,2234,427392,19
18980,2235,261766,19
18980,2234,427391,19
18980,2234,427390,19
18980,2235,261765,19
18980,2234,427389,19
18980,2235,261764,19
18980,2234,427379,19
18980,2234,427417,19
18980,2234,427416,19
18980,2235,259938,19
18980,2234,427388,19
18980,2235,261763,19
18980,2234,427387,19
18980,2234,427386,19
18980,2235,261762,19
18980,2234,427385,19
18980,2235,261761,19
18980,2234,427384,19
18980,2234,427383,19
18980,2235,261760,19
18980,2234,427382,19
18980,2234,427381,19
18980,2234,427380,19
18980,2235,261770,19
18980,2234,427395,19
18980,2235,261771,19
18980,2234,427396,19
18980,2235,261772,19
18980,2235,261773,19
18980,2234,427397,19
18980,2235,261774,19
18980,2235,261775,19
18980,2234,427398,19
18980,2234,427399,19
18980,2235,261776,19
18980,2234,427400,19
18980,2235,261777,19
18980,2234,427401,19
18980,2235,261778,19
18980,2234,427402,19
18980,2235,261779,19
18980,2234,427403,19
18980,2235,261780,19
18980,2235,261781,19
18980,2234,427404,19
18980,2234,427405,19
18980,2235,261782,19
18980,2234,427406,19
18980,2235,261783,19
18980,2234,427407,19
18980,2235,261784,19
18980,2234,427408,19
18980,2234,427409,19
18980,2235,261757,19
18980,2234,427410,19
18980,2235,261758,19
18980,2234,427411,19
18980,2235,261759,19
18980,2234,427412,19
18980,2234,427413,19
18980,2235,259967,19
18980,2234,427414,19
18980,2235,259968,19
18980,2234,427415,19
19005,2234,257699,26
19005,2234,257698,26
19005,2235,262791,26
19005,2234,257697,26
19005,2696,303100,26
19005,2234,257696,26
19005,2235,262790,26
19005,2696,303099,26
19005,2234,257695,26
19005,2696,303098,26
19005,2234,257694,26
19005,2235,262789,26
19005,2234,257693,26
19005,2696,303097,26
19005,2234,257692,26
19005,2235,262788,26
19005,2696,303096,26
19005,2234,257691,26
19005,2234,257690,26
19005,2235,262787,26
19005,2696,303095,26
19005,2234,257689,26
19005,2234,257688,26
19005,2235,262786,26
19005,2696,303094,26
19005,2234,257687,26
19005,2696,303093,26
19005,2234,257686,26
19005,2235,262785,26
19005,2234,257685,26
19005,2696,303092,26
19005,2235,261681,26
19005,2234,253836,26
19005,2696,303125,26
19005,2696,303124,26
19005,2235,262805,26
19005,2234,257728,26
19005,2696,303123,26
19005,2234,257727,26
19005,2235,262804,26
19005,2696,303122,26
19005,2234,257726,26
19005,2234,257725,26
19005,2235,262803,26
19005,2696,303121,26
19005,2234,257724,26
19005,2696,303120,26
19005,2234,257723,26
19005,2235,262802,26
19005,2696,303119,26
19005,2234,257722,26
19005,2235,262801,26
19005,2234,257721,26
19005,2696,303118,26
19005,2234,257720,26
19005,2696,303117,26
19005,2235,262800,26
19005,2234,257719,26
19005,2696,303116,26
19005,2234,257718,26
19005,2235,262799,26
19005,2234,257717,26
19005,2696,303115,26
19005,2234,257716,26
19005,2235,262798,26
19005,2696,303114,26
19005,2234,257715,26
19005,2696,303113,26
19005,2234,257714,26
19005,2235,262797,26
19005,2696,303112,26
19005,2234,257713,26
19005,2234,257712,26
19005,2696,303111,26
19005,2235,262796,26
19005,2234,257711,26
19005,2696,303110,26
19005,2234,257710,26
19005,2235,262795,26
19005,2234,257709,26
19005,2696,303109,26
19005,2234,257708,26
19005,2696,303108,26
19005,2235,262794,26
19005,2234,257707,26
19005,2696,303107,26
19005,2234,257706,26
19005,2234,257705,26
19005,2235,262793,26
19005,2696,303106,26
19005,2234,257704,26
19005,2696,303105,26
19005,2234,257703,26
19005,2696,303104,26
19005,2234,257702,26
19005,2235,262792,26
19005,2234,257701,26
19005,2696,303103,26
19005,2234,257700,26
19005,2696,303102,26
19005,2696,303101,26
19006,2234,253361,26
19006,2696,303174,26
19006,2235,262340,26
19006,2234,253360,26
19006,2696,303173,26
19006,2234,253359,26
19006,2696,303172,26
19006,2234,253358,26
19006,2234,253357,26
19006,2696,303171,26
19006,2235,262339,26
19006,2234,253356,26
19006,2696,303170,26
19006,2234,253355,26
19006,2235,262338,26
19006,2696,303169,26
19006,2234,253354,26
19006,2234,253353,26
19006,2696,303168,26
19006,2235,262337,26
19006,2234,253352,26
19006,2696,303167,26
19006,2234,253351,26
19006,2235,262336,26
19006,2696,303166,26
19006,2234,253350,26
19006,2235,262335,26
19006,2696,303165,26
19006,2234,253349,26
19006,2235,262334,26
19006,2234,253348,26
19006,2696,303164,26
19006,2234,253347,26
19006,2696,303163,26
19006,2234,253346,26
19006,2235,262333,26
19006,2234,253345,26
19006,2696,303191,26
19006,2235,262351,26
19006,2234,253384,26
19006,2696,303192,26
19006,2234,253385,26
19006,2235,262352,26
19006,2234,253386,26
19006,2696,303193,26
19006,2234,253387,26
19006,2696,303194,26
19006,2235,262353,26
19006,2234,253388,26
19006,2696,303195,26
19006,2234,253389,26
19006,2235,262354,26
19006,2234,253390,26
19006,2696,303196,26
19006,2234,253391,26
19006,2235,262355,26
19006,2696,303162,26
19006,2235,261703,26
19006,2234,253344,26
19006,2234,253383,26
19006,2696,303190,26
19006,2235,262350,26
19006,2234,253382,26
19006,2234,253381,26
19006,2696,303189,26
19006,2235,262349,26
19006,2234,253380,26
19006,2696,303188,26
19006,2234,253379,26
19006,2235,262348,26
19006,2696,303187,26
19006,2234,253378,26
19006,2234,253377,26
19006,2696,303186,26
19006,2235,262347,26
19006,2234,253376,26
19006,2696,303185,26
19006,2234,253375,26
19006,2235,262346,26
19006,2696,303184,26
19006,2234,253374,26
19006,2696,303183,26
19006,2234,253373,26
19006,2235,262345,26
19006,2234,253372,26
19006,2696,303182,26
19006,2234,253371,26
19006,2696,303181,26
19006,2235,262344,26
19006,2234,253370,26
19006,2696,303180,26
19006,2234,253369,26
19006,2235,262343,26
19006,2234,253368,26
19006,2696,303179,26
19006,2234,253367,26
19006,2235,262342,26
19006,2696,303178,26
19006,2234,253366,26
19006,2234,253365,26
19006,2696,303177,26
19006,2234,253364,26
19006,2235,262341,26
19006,2696,303176,26
19006,2234,253363,26
19006,2696,303175,26
19006,2234,253362,26
19376,2696,303009,2
19376,2358,272914,2
19376,2696,303014,2
19376,2234,272731,2
19376,2359,273234,2
19376,2696,303015,2
19376,2358,272915,2
19376,2234,272732,2
19376,2696,303016,2
19376,2359,273242,2
19376,2234,272733,2
19376,2358,272916,2
19376,2696,303017,2
19376,2359,273225,2
19376,2234,272734,2
19376,2358,272917,2
19376,2696,303018,2
19376,2359,273235,2
19376,2234,272735,2
19376,2358,272918,2
19376,2696,303019,2
19376,2359,273218,2
19376,2234,272736,2
19376,2358,272919,2
19376,2696,303020,2
19376,2359,273226,2
19376,2234,272737,2
19376,2358,272920,2
19376,2696,303021,2
19376,2359,273236,2
19376,2234,272738,2
19376,2696,303022,2
19376,2358,272921,2
19376,2234,272739,2
19376,2359,273243,2
19376,2696,303023,2
19376,2358,272922,2
19376,2234,272740,2
19376,2359,273227,2
19376,2696,303024,2
19376,2358,272923,2
19376,2234,272741,2
19376,2359,273219,2
19376,2696,303025,2
19376,2358,272924,2
19376,2234,272742,2
19376,2696,303026,2
19376,2359,273237,2
19376,2358,272925,2
19376,2234,272743,2
19376,2696,303027,2
19376,2358,272926,2
19376,2359,273244,2
19376,2234,272744,2
19376,2696,303028,2
19376,2358,272927,2
19376,2359,273220,2
19376,2234,272745,2
19376,2696,303029,2
19376,2358,272928,2
19376,2234,272746,2
19376,2359,273228,2
19376,2696,303030,2
19376,2234,272747,2
19376,2358,272929,2
19376,2359,273238,2
19376,2234,272748,2
19376,2359,273213,2
19376,2358,272901,2
19376,2234,272710,2
19376,2696,302995,2
19376,2234,272711,2
19376,2359,273230,2
19376,2358,272902,2
19376,2696,302996,2
19376,2234,272712,2
19376,2359,273214,2
19376,2358,272903,2
19376,2696,302997,2
19376,2234,272713,2
19376,2359,273231,2
19376,2358,272904,2
19376,2696,302998,2
19376,2234,272714,2
19376,2696,302999,2
19376,2359,273215,2
19376,2358,272905,2
19376,2234,272715,2
19376,2696,303000,2
19376,2234,272716,2
19376,2359,273232,2
19376,2358,272906,2
19376,2696,303001,2
19376,2234,272717,2
19376,2234,272718,2
19376,2358,272907,2
19376,2696,303002,2
19376,2359,273222,2
19376,2234,272719,2
19376,2696,303003,2
19376,2234,272720,2
19376,2358,272908,2
19376,2359,273240,2
19376,2696,303004,2
19376,2234,272721,2
19376,2696,303005,2
19376,2234,272722,2
19376,2358,272909,2
19376,2359,273216,2
19376,2696,303006,2
19376,2234,272723,2
19376,2696,303007,2
19376,2234,272724,2
19376,2358,272910,2
19376,2359,273223,2
19376,2696,303008,2
19376,2234,272725,2
19376,2358,272911,2
19376,2359,273233,2
19376,2234,272726,2
19376,2358,272912,2
19376,2696,303010,2
19376,2234,272727,2
19376,2696,303011,2
19376,2359,273241,2
19376,2234,272728,2
19376,2358,272913,2
19376,2696,303012,2
19376,2359,273217,2
19376,2234,283444,2
19376,2358,272977,2
19376,2696,303013,2
19376,2234,283443,2
19376,2359,273224,2
19376,2696,303031,2
19376,2358,272930,2
19376,2234,272749,2
19376,2696,303032,2
19376,2359,273245,2
19376,2358,272931,2
19376,2234,272750,2
19376,2696,303033,2
19376,2359,273221,2
19376,2234,272751,2
19376,2696,303034,2
19376,2358,272932,2
19376,2234,272752,2
19376,2696,303035,2
19376,2358,272933,2
19376,2359,273229,2
19376,2234,272753,2
19376,2696,303036,2
19376,2358,272934,2
19376,2234,272754,2
19376,2359,273239,2
19376,2696,303037,2
19376,2234,272755,2
19376,2358,272976,2
19376,2696,303038,2
19376,2234,272756,2
19376,2696,303039,2
19376,2359,273246,2
19376,2234,272757,2
19376,2358,272935,2
19376,2696,303040,2
19376,2234,272758,2
19376,2696,303041,2
19376,2359,273247,2
19376,2234,272759,2
19376,2358,272936,2
19376,2696,303042,2
19376,2234,272760,2
19376,2358,272900,2
19376,2359,273119,2
19376,2234,270812,2
19376,2696,303043,2
19377,2696,302965,2
19377,2359,273265,2
19377,2234,272789,2
19377,2358,272956,2
19377,2696,302966,2
19377,2359,273285,2
19377,2234,272790,2
19377,2358,272957,2
19377,2696,302967,2
19377,2359,273294,2
19377,2234,272791,2
19377,2358,272958,2
19377,2696,302968,2
19377,2359,273266,2
19377,2234,272792,2
19377,2696,302969,2
19377,2358,272959,2
19377,2234,272793,2
19377,2359,273273,2
19377,2696,302970,2
19377,2358,272960,2
19377,2234,272794,2
19377,2359,273295,2
19377,2696,302971,2
19377,2358,272961,2
19377,2234,272795,2
19377,2359,273286,2
19377,2696,302972,2
19377,2358,272962,2
19377,2234,272796,2
19377,2696,302973,2
19377,2359,273267,2
19377,2358,272963,2
19377,2234,272797,2
19377,2696,302974,2
19377,2359,273274,2
19377,2358,272964,2
19377,2234,272798,2
19377,2696,302975,2
19377,2359,273287,2
19377,2358,272965,2
19377,2234,272799,2
19377,2696,302976,2
19377,2358,272966,2
19377,2234,272800,2
19377,2359,273296,2
19377,2696,302977,2
19377,2234,272801,2
19377,2358,272967,2
19377,2359,273268,2
19377,2696,302978,2
19377,2234,272802,2
19377,2358,272968,2
19377,2696,302979,2
19377,2234,272803,2
19377,2359,273275,2
19377,2234,272804,2
19377,2358,272969,2
19377,2696,302980,2
19377,2359,273288,2
19377,2234,272805,2
19377,2696,302981,2
19377,2358,272970,2
19377,2234,272806,2
19377,2696,302982,2
19377,2358,272971,2
19377,2359,273297,2
19377,2234,272807,2
19377,2696,302983,2
19377,2234,272808,2
19377,2358,272972,2
19377,2696,302984,2
19377,2359,273269,2
19377,2234,272809,2
19377,2696,302985,2
19377,2358,272973,2
19377,2234,272810,2
19377,2696,302986,2
19377,2359,273276,2
19377,2234,272811,2
19377,2358,272974,2
19377,2696,302987,2
19377,2234,272812,2
19377,2234,272813,2
19377,2696,302988,2
19377,2359,273289,2
19377,2358,272975,2
19377,2696,302941,2
19377,2234,272814,2
19377,2358,272937,2
19377,2359,273252,2
19377,2696,302940,2
19377,2234,272761,2
19377,2358,272955,2
19377,2234,272788,2
19377,2359,273293,2
19377,2696,302964,2
19377,2358,272954,2
19377,2234,272787,2
19377,2359,273272,2
19377,2696,302963,2
19377,2234,272786,2
19377,2358,272953,2
19377,2696,302962,2
19377,2359,273264,2
19377,2234,272785,2
19377,2358,272952,2
19377,2696,302961,2
19377,2359,273292,2
19377,2234,272784,2
19377,2696,302960,2
19377,2358,272951,2
19377,2234,272783,2
19377,2359,273284,2
19377,2696,302959,2
19377,2358,272950,2
19377,2234,272782,2
19377,2359,273271,2
19377,2696,302958,2
19377,2234,272781,2
19377,2358,272949,2
19377,2696,302957,2
19377,2234,272780,2
19377,2359,273263,2
19377,2358,272948,2
19377,2696,302956,2
19377,2234,272779,2
19377,2359,273291,2
19377,2696,302955,2
19377,2234,272778,2
19377,2358,272947,2
19377,2696,302954,2
19377,2234,272777,2
19377,2358,272946,2
19377,2359,273283,2
19377,2696,302953,2
19377,2234,272776,2
19377,2696,302952,2
19377,2234,272775,2
19377,2359,273270,2
19377,2358,272945,2
19377,2696,302951,2
19377,2234,272774,2
19377,2696,302950,2
19377,2234,272773,2
19377,2359,273290,2
19377,2358,272944,2
19377,2234,272772,2
19377,2696,302949,2
19377,2234,272771,2
19377,2696,302948,2
19377,2358,272943,2
19377,2359,273262,2
19377,2234,272770,2
19377,2696,302947,2
19377,2234,272769,2
19377,2358,272942,2
19377,2359,273282,2
19377,2696,302946,2
19377,2234,272768,2
19377,2358,272941,2
19377,2359,273261,2
19377,2696,302945,2
19377,2234,272767,2
19377,2358,272940,2
19377,2359,273281,2
19377,2696,302944,2
19377,2234,272766,2
19377,2358,272939,2
19377,2359,273260,2
19377,2696,302943,2
19377,2234,272765,2
19377,2358,272938,2
19377,2234,272764,2
19377,2359,273280,2
19377,2696,302942,2
19386,2234,270469,9
19386,2234,270470,9
19386,2234,270471,9
19386,2235,270754,9
19386,2234,270472,9
19386,2235,270755,9
19386,2235,270756,9
19386,2234,270473,9
19386,2234,270485,9
19386,2235,270757,9
19386,2234,270474,9
19386,2234,269645,9
19386,2235,270758,9
19391,2235,270741,9
19391,2234,270447,9
19391,2235,270742,9
19391,2234,270448,9
19391,2234,270449,9
19391,2235,270743,9
19391,2234,270450,9
19391,2234,270451,9
19391,2235,270744,9
19391,2234,270452,9
19391,2234,270453,9
19391,2235,270745,9
19391,2234,270454,9
19391,2234,270455,9
19391,2235,270746,9
19391,2234,270456,9
19391,2234,270457,9
19391,2235,270747,9
19391,2235,270748,9
19391,2234,270458,9
19391,2235,270749,9
19391,2234,270459,9
19391,2235,270750,9
19391,2234,270460,9
19391,2234,270461,9
19391,2234,270462,9
19391,2235,270751,9
19391,2234,270463,9
19391,2234,270464,9
19391,2235,270752,9
19391,2234,270465,9
19391,2234,270466,9
19391,2235,270753,9
19391,2234,270467,9
19391,2234,270468,9
19391,2234,270446,9
20552,2234,305003,11
20552,2235,304991,11
20552,2235,304992,11
20552,2234,305004,11
20552,2235,304993,11
20552,2234,305005,11
20552,2235,304994,11
20552,2234,305006,11
20552,2235,304995,11
20552,2234,270824,11
20552,2235,304996,11
20552,2234,270810,11
20552,2235,304984,11
20552,2234,304997,11
20552,2235,304985,11
20552,2234,304998,11
20552,2235,304986,11
20552,2234,304999,11
20552,2235,304987,11
20552,2234,305000,11
20552,2235,304988,11
20552,2234,305001,11
20552,2235,304989,11
20552,2234,305002,11
20552,2235,304990,11
20553,2234,305010,11
20553,2234,305011,11
20553,2235,305021,11
20553,2234,305012,11
20553,2235,305022,11
20553,2234,305013,11
20553,2235,305023,11
20553,2235,271566,11
20553,2235,305025,11
20553,2234,305014,11
20553,2235,305024,11
20553,2234,305015,11
20553,2235,305026,11
20553,2234,305016,11
20553,2235,305027,11
20553,2234,271551,11
20553,2235,271578,11
20553,2234,271552,11
20553,2235,305017,11
20553,2234,305008,11
20553,2235,305018,11
20553,2234,305009,11
20553,2235,305019,11
20553,2235,305020,11
20553,2234,305007,11
20566,2234,269168,65
20566,2234,269159,65
20566,2234,269158,65
20567,2234,269170,65
20567,2234,269171,65
20567,2234,269169,65
20591,2234,272531,16
20591,2234,272515,16
20591,2234,272516,16
20591,2234,272517,16
20591,2234,272518,16
20591,2235,272678,16
20591,2234,272519,16
20591,2234,272520,16
20591,2235,272679,16
20591,2234,272521,16
20591,2234,272522,16
20591,2235,272680,16
20591,2234,272523,16
20591,2235,272681,16
20591,2234,272524,16
20591,2235,272682,16
20591,2234,272525,16
20591,2235,272683,16
20591,2234,272526,16
20591,2235,272684,16
20591,2234,272527,16
20591,2235,272685,16
20591,2234,272528,16
20591,2234,272529,16
20591,2234,272530,16
20591,2235,272686,16
20591,2234,272532,16
20591,2235,272687,16
20591,2234,272533,16
20591,2234,272534,16
20591,2235,272677,16
20591,2234,272514,16
20592,2234,272535,16
20592,2235,272688,16
20592,2234,272556,16
20592,2234,272555,16
20592,2235,272699,16
20592,2234,272554,16
20592,2234,272553,16
20592,2235,272698,16
20592,2234,272552,16
20592,2234,272551,16
20592,2235,272697,16
20592,2234,272550,16
20592,2234,272549,16
20592,2234,272548,16
20592,2235,272696,16
20592,2234,272547,16
20592,2235,272695,16
20592,2234,272546,16
20592,2235,272694,16
20592,2234,272545,16
20592,2235,272693,16
20592,2234,272544,16
20592,2235,272692,16
20592,2234,272543,16
20592,2235,272691,16
20592,2234,272557,16
20592,2234,272542,16
20592,2235,272690,16
20592,2234,272541,16
20592,2234,272540,16
20592,2235,272689,16
20592,2234,272539,16
20592,2234,272538,16
20592,2234,272537,16
20592,2234,272536,16
20596,2234,268385,24
20596,2235,268414,24
20596,2234,268359,24
20596,2234,268390,24
20596,2235,268425,24
20596,2234,268389,24
20596,2234,268388,24
20596,2235,268424,24
20596,2234,268407,24
20596,2234,268386,24
20596,2235,268423,24
20596,2235,268422,24
20596,2234,268384,24
20596,2235,268421,24
20596,2234,268383,24
20596,2235,268420,24
20596,2234,268382,24
20596,2235,268419,24
20596,2234,268381,24
20596,2234,268380,24
20596,2235,268418,24
20596,2234,268379,24
20596,2235,268417,24
20596,2234,268378,24
20596,2235,268416,24
20596,2234,268377,24
20596,2235,268415,24
20596,2234,268376,24
20598,2234,268403,24
20598,2234,268402,24
20598,2235,268436,24
20598,2234,268401,24
20598,2235,268435,24
20598,2234,268400,24
20598,2235,268433,24
20598,2235,268434,24
20598,2234,268399,24
20598,2235,268426,24
20598,2234,268391,24
20598,2234,268406,24
20598,2234,268392,24
20598,2235,268428,24
20598,2234,268393,24
20598,2235,268429,24
20598,2234,268394,24
20598,2235,268430,24
20598,2234,268395,24
20598,2235,268431,24
20598,2234,268396,24
20598,2234,268397,24
20598,2235,268432,24
20598,2234,268398,24
20598,2235,268438,24
20598,2234,268405,24
20598,2234,268404,24
20598,2235,268437,24
20634,2234,275863,28
20634,2235,275901,28
20634,2234,275850,28
20634,2235,275907,28
20634,2234,275857,28
20634,2234,275862,28
20634,2235,275900,28
20634,2234,275849,28
20634,2234,275853,28
20634,2235,275914,28
20634,2235,275910,28
20634,2234,275858,28
20634,2235,275903,28
20634,2234,275867,28
20634,2235,275915,28
20634,2234,275859,28
20634,2235,275904,28
20634,2234,275854,28
20634,2235,275916,28
20634,2234,275868,28
20634,2234,275860,28
20634,2235,275899,28
20634,2234,275848,28
20634,2235,275909,28
20634,2234,275866,28
20634,2235,275913,28
20634,2235,275912,28
20634,2234,275852,28
20634,2234,275856,28
20634,2235,275906,28
20634,2234,275861,28
20634,2235,275911,28
20634,2234,275855,28
20634,2235,275905,28
20634,2234,275869,28
20634,2235,275902,28
20634,2234,275865,28
20634,2235,275908,28
20634,2234,275851,28
20635,2234,275884,28
20635,2234,275877,28
20635,2235,275928,28
20635,2234,275883,28
20635,2234,275870,28
20635,2235,275917,28
20635,2234,275882,28
20635,2234,275890,28
20635,2235,275935,28
20635,2234,275876,28
20635,2235,275922,28
20635,2234,275881,28
20635,2235,275934,28
20635,2234,275889,28
20635,2235,275921,28
20635,2234,275880,28
20635,2235,275925,28
20635,2235,275933,28
20635,2234,275875,28
20635,2235,275924,28
20635,2234,275888,28
20635,2235,275932,28
20635,2234,275874,28
20635,2235,275920,28
20635,2234,275887,28
20635,2234,275873,28
20635,2235,275927,28
20635,2234,275886,28
20635,2235,275919,28
20635,2234,275872,28
20635,2235,275926,28
20635,2234,275879,28
20635,2234,275885,28
20635,2235,275918,28
20635,2234,275871,28
20635,2235,275931,28
20635,2234,275878,28
20635,2235,275929,28
20635,2235,275930,28
20680,2234,275772,10
20680,2234,275773,10
20680,2235,275825,10
20680,2234,275774,10
20680,2235,275826,10
20680,2234,275775,10
20680,2235,275827,10
20680,2234,275781,10
20680,2235,275828,10
20680,2234,275782,10
20680,2234,275783,10
20680,2235,275829,10
20680,2234,275776,10
20680,2235,275830,10
20680,2234,275777,10
20680,2235,275831,10
20680,2234,275778,10
20680,2235,275832,10
20680,2234,275784,10
20680,2235,275833,10
20680,2234,275785,10
20680,2234,275779,10
20680,2235,275834,10
20680,2234,275786,10
20680,2234,275780,10
20680,2235,275835,10
20680,2234,275787,10
20680,2235,275824,10
20681,2235,275841,10
20681,2234,275789,10
20681,2235,275837,10
20681,2234,275790,10
20681,2235,275838,10
20681,2234,275791,10
20681,2235,275839,10
20681,2234,275797,10
20681,2235,275840,10
20681,2234,275798,10
20681,2234,275799,10
20681,2235,275836,10
20681,2234,275788,10
20681,2234,275803,10
20681,2235,275847,10
20681,2234,275796,10
20681,2234,275802,10
20681,2235,275846,10
20681,2234,275795,10
20681,2234,275801,10
20681,2235,275845,10
20681,2234,275800,10
20681,2235,275844,10
20681,2234,275794,10
20681,2235,275843,10
20681,2234,275793,10
20681,2235,275842,10
20681,2234,275792,10
20689,2234,275952,46
20689,2235,276017,46
20689,2234,275967,46
20689,2235,276025,46
20689,2234,275946,46
20689,2234,275974,46
20689,2235,276018,46
20689,2234,275968,46
20689,2234,275947,46
20689,2235,276026,46
20689,2234,275975,46
20689,2235,276019,46
20689,2234,275969,46
20689,2234,275962,46
20689,2235,276027,46
20689,2234,275953,46
20689,2235,276020,46
20689,2234,275955,46
20689,2234,275976,46
20689,2234,275970,46
20689,2235,276028,46
20689,2234,275963,46
20689,2235,276011,46
20689,2234,275942,46
20689,2234,275954,46
20689,2234,275956,46
20689,2234,275957,46
20689,2235,276012,46
20689,2234,275958,46
20689,2235,276013,46
20689,2234,275971,46
20689,2234,275949,46
20689,2235,276021,46
20689,2234,275943,46
20689,2234,275964,46
20689,2235,276014,46
20689,2234,275959,46
20689,2234,275972,46
20689,2234,275950,46
20689,2235,276022,46
20689,2234,275944,46
20689,2234,275965,46
20689,2235,276015,46
20689,2234,275960,46
20689,2234,275973,46
20689,2235,276023,46
20689,2234,275951,46
20689,2234,275966,46
20689,2235,276016,46
20689,2234,275961,46
20689,2234,275945,46
20689,2235,276024,46
20690,2234,275983,46
20690,2234,275977,46
20690,2235,276029,46
20690,2234,275989,46
20690,2235,276046,46
20690,2234,275997,46
20690,2234,276004,46
20690,2234,276009,46
20690,2235,276038,46
20690,2234,275988,46
20690,2235,276045,46
20690,2234,275996,46
20690,2235,276037,46
20690,2234,276003,46
20690,2234,276008,46
20690,2235,276044,46
20690,2234,275982,46
20690,2235,276036,46
20690,2234,276002,46
20690,2234,276007,46
20690,2235,276043,46
20690,2234,275981,46
20690,2234,276001,46
20690,2235,276035,46
20690,2234,275987,46
20690,2235,276042,46
20690,2234,275980,46
20690,2235,276034,46
20690,2234,275995,46
20690,2234,276000,46
20690,2235,276041,46
20690,2234,275986,46
20690,2234,276006,46
20690,2234,275994,46
20690,2235,276033,46
20690,2234,275999,46
20690,2234,275979,46
20690,2235,276040,46
20690,2234,275985,46
20690,2234,276005,46
20690,2235,276032,46
20690,2234,275993,46
20690,2234,275998,46
20690,2234,275978,46
20690,2235,276039,46
20690,2234,275984,46
20690,2234,275992,46
20690,2235,276031,46
20690,2234,276010,46
20690,2235,276030,46
20690,2234,275991,46
20690,2234,275990,46
20753,2359,269596,48
20753,2533,269418,48
20753,2359,269603,48
20753,2533,269417,48
20753,2359,269599,48
20753,2533,269414,48
20753,2359,269600,48
20753,2359,269602,48
20753,2533,269416,48
20753,2359,269601,48
20753,2533,269413,48
20753,2533,269415,48
20754,2533,269424,48
20754,2533,269425,48
20754,2359,269610,48
20754,2533,269426,48
20754,2359,269611,48
20754,2533,269421,48
20754,2359,269606,48
20754,2359,269609,48
20754,2533,269422,48
20754,2359,269607,48
20754,2359,269608,48
20754,2533,269423,48
20787,2235,274595,39
20787,2234,274531,39
20787,2235,274590,39
20787,2234,274554,39
20787,2235,274596,39
20787,2234,274532,39
20787,2235,274591,39
20787,2234,274539,39
20787,2234,274548,39
20787,2235,274597,39
20787,2234,274555,39
20787,2235,274602,39
20787,2234,274533,39
20787,2235,274592,39
20787,2234,274540,39
20787,2234,274549,39
20787,2234,274556,39
20787,2235,274603,39
20787,2234,274534,39
20787,2234,274541,39
20787,2234,274530,39
20787,2235,274585,39
20787,2235,274593,39
20787,2234,274552,39
20787,2235,274589,39
20787,2234,274538,39
20787,2234,274551,39
20787,2235,274599,39
20787,2234,274545,39
20787,2235,274588,39
20787,2234,274537,39
20787,2234,274550,39
20787,2235,274598,39
20787,2234,274544,39
20787,2235,274587,39
20787,2234,274536,39
20787,2234,274542,39
20787,2234,274543,39
20787,2235,274586,39
20787,2234,274535,39
20787,2235,274600,39
20787,2234,274546,39
20787,2235,274594,39
20787,2234,274553,39
20787,2235,274601,39
20787,2234,274547,39
20788,2235,274654,39
20788,2234,274557,39
20788,2235,274625,39
20788,2234,274570,39
20788,2235,274659,39
20788,2234,274563,39
20788,2235,274668,39
20788,2234,274584,39
20788,2234,274578,39
20788,2234,274569,39
20788,2235,274658,39
20788,2234,274562,39
20788,2235,274667,39
20788,2234,274583,39
20788,2235,274663,39
20788,2234,274577,39
20788,2234,274568,39
20788,2235,274657,39
20788,2234,274561,39
20788,2234,274582,39
20788,2235,274662,39
20788,2234,274560,39
20788,2235,274656,39
20788,2234,274576,39
20788,2235,274661,39
20788,2234,274581,39
20788,2235,274666,39
20788,2234,274575,39
20788,2235,274660,39
20788,2234,274580,39
20788,2235,274701,39
20788,2234,274567,39
20788,2235,274655,39
20788,2234,274579,39
20788,2235,274665,39
20788,2234,274574,39
20788,2234,274566,39
20788,2234,274559,39
20788,2235,274664,39
20788,2234,274573,39
20788,2234,274565,39
20788,2235,274653,39
20788,2234,274572,39
20788,2234,274564,39
20788,2235,274652,39
20788,2234,274571,39
20824,2234,274371,31
20824,2234,274382,31
20824,2235,274409,31
20824,2234,274370,31
20824,2234,274381,31
20824,2235,274408,31
20824,2234,274369,31
20824,2234,274380,31
20824,2234,274375,31
20824,2235,274407,31
20824,2234,274379,31
20824,2234,274368,31
20824,2235,274406,31
20824,2234,274374,31
20824,2234,274378,31
20824,2235,274405,31
20824,2234,274373,31
20824,2234,274367,31
20824,2234,274377,31
20824,2235,274404,31
20824,2234,274372,31
20824,2234,274383,31
20824,2234,274376,31
20824,2235,274410,31
20825,2235,274417,31
20825,2234,274388,31
20825,2235,274416,31
20825,2234,274394,31
20825,2234,274387,31
20825,2235,274415,31
20825,2234,274393,31
20825,2234,274402,31
20825,2235,274414,31
20825,2234,274399,31
20825,2234,274391,31
20825,2234,274392,31
20825,2235,274413,31
20825,2234,274398,31
20825,2234,274390,31
20825,2235,274412,31
20825,2234,274397,31
20825,2234,274384,31
20825,2234,274401,31
20825,2235,274411,31
20825,2234,274403,31
20825,2234,274389,31
20825,2234,274400,31
20825,2234,274395,31
20836,2234,270443,9
20836,2234,270438,9
20836,2234,270437,9
20836,2235,270736,9
20836,2234,270436,9
20836,2234,270435,9
20836,2235,270735,9
20836,2234,270434,9
20836,2234,270433,9
20836,2235,270734,9
20836,2234,270484,9
20836,2234,270432,9
20836,2235,270733,9
20836,2235,270740,9
20836,2234,270431,9
20836,2235,270732,9
20836,2234,270430,9
20836,2234,270429,9
20836,2235,270731,9
20836,2234,270445,9
20836,2234,270444,9
20836,2234,270482,9
20836,2234,270439,9
20836,2235,270738,9
20836,2234,270440,9
20836,2234,270441,9
20836,2235,270739,9
20836,2234,270442,9
20836,2235,270737,9
20837,2235,270759,9
20837,2234,270475,9
20837,2234,270480,9
20837,2234,270479,9
20837,2235,270761,9
20837,2234,270478,9
20837,2235,270760,9
20837,2234,270477,9
20837,2234,270476,9
21090,2234,272513,16
21090,2234,272512,16
21090,2235,272676,16
21257,2696,304807,4
21257,2234,302775,4
21257,2234,302776,4
21257,2234,302777,4
21257,2234,302778,4
21257,2234,302779,4
21257,2696,304802,4
21257,2234,302780,4
21257,2696,304803,4
21257,2234,274973,4
21257,2696,304804,4
21257,2696,304808,4
21257,2696,304805,4
21257,2696,304806,4
21258,2696,304820,4
21258,2234,274980,4
21258,2234,302794,4
21258,2696,304816,4
21258,2696,304818,4
21258,2234,302795,4
21258,2696,304817,4
21258,2696,304819,4
21258,2234,302791,4
21258,2234,302792,4
21258,2234,302793,4
21259,2234,302415,4
21259,2234,302416,4
21259,2234,302417,4
21259,2696,304810,4
21259,2696,304821,4
21259,2235,276048,4
21259,2234,302421,4
21259,2235,276047,4
21259,2234,302017,4
21259,2234,302419,4
21259,2696,304809,4
21259,2234,302420,4
21259,2234,302418,4
21259,2234,302413,4
21259,2234,302414,4
21260,2696,304814,4
21260,2234,302788,4
21260,2234,302789,4
21260,2234,302790,4
21260,2235,276049,4
21260,2234,302787,4
21260,2696,304813,4
21260,2696,304815,4
21260,2696,304811,4
21260,2234,302784,4
21260,2234,302785,4
21260,2696,304812,4
21260,2234,302786,4
21262,2696,304834,4
21262,2234,275114,4
21262,2234,302500,4
21265,2234,302817,4
21265,2234,302818,4
21265,2696,304905,4
21265,2234,302819,4
21265,2234,302820,4
21265,2234,302821,4
21265,2234,302803,4
21265,2234,302814,4
21265,2234,302815,4
21265,2234,302816,4
21266,2696,304901,4
21266,2696,304900,4
21266,2234,275755,4
21266,2696,304899,4
21266,2234,275738,4
21266,2696,304898,4
21266,2234,275739,4
21266,2696,304897,4
21266,2234,275752,4
21266,2696,304896,4
21266,2696,304895,4
21266,2234,275751,4
21266,2234,275745,4
21266,2234,275749,4
21266,2696,304894,4
21266,2234,275744,4
21266,2234,275748,4
21266,2234,275759,4
21266,2696,304893,4
21266,2234,275742,4
21266,2696,304892,4
21266,2234,275741,4
21266,2696,304891,4
21266,2234,275733,4
21266,2235,276072,4
21266,2696,304904,4
21266,2234,275758,4
21266,2696,304903,4
21266,2235,276082,4
21266,2696,304902,4
21266,2235,276081,4
21267,2235,302762,4
21267,2235,302772,4
21267,2234,302469,4
21267,2696,304840,4
21267,2234,302470,4
21267,2235,302754,4
21267,2235,302755,4
21267,2696,304881,4
21267,2234,302462,4
21267,2235,302756,4
21267,2696,304882,4
21267,2235,302761,4
21267,2696,304883,4
21267,2235,302757,4
21267,2235,302768,4
21267,2696,304884,4
21267,2235,302758,4
21267,2696,304839,4
21267,2235,302773,4
21267,2234,275760,4
21267,2696,304841,4
21267,2235,302774,4
21267,2696,304886,4
21267,2234,302463,4
21267,2235,302763,4
21267,2696,304885,4
21267,2234,302464,4
21267,2235,302759,4
21267,2696,304887,4
21267,2235,302764,4
21267,2234,302465,4
21267,2235,302760,4
21267,2235,302765,4
21267,2696,304888,4
21267,2235,302769,4
21267,2234,302467,4
21267,2696,304889,4
21267,2235,302766,4
21267,2234,302466,4
21267,2235,302767,4
21267,2235,302770,4
21267,2234,302468,4
21267,2696,304837,4
21267,2235,302771,4
21275,2235,302747,4
21275,2696,304827,4
21275,2235,276060,4
21275,2696,304826,4
21275,2235,276065,4
21275,2235,276059,4
21275,2696,304825,4
21275,2235,276064,4
21275,2235,276058,4
21275,2696,304824,4
21275,2696,304823,4
21275,2235,276057,4
21275,2235,276056,4
21275,2235,302746,4
21275,2235,302748,4
21275,2696,304829,4
21275,2235,302739,4
21275,2696,304828,4
21275,2234,302519,4
21275,2235,302740,4
21275,2235,302749,4
21275,2696,304830,4
21275,2235,302741,4
21275,2234,302520,4
21275,2235,302750,4
21275,2696,304831,4
21275,2235,302751,4
21275,2235,302742,4
21275,2234,302521,4
21275,2235,302743,4
21275,2235,302752,4
21275,2235,302744,4
21275,2234,302522,4
21275,2235,302745,4
21275,2234,302523,4
21304,2234,276136,18
21304,2234,276139,18
21304,2234,276135,18
21304,2234,276140,18
21304,2234,276134,18
21304,2234,276138,18
21305,2234,276118,18
21305,2235,276175,18
21305,2234,276129,18
21305,2234,276123,18
21305,2234,276112,18
21305,2235,276169,18
21305,2235,276181,18
21305,2234,276128,18
21305,2235,276191,18
21305,2235,276174,18
21305,2234,276117,18
21305,2234,276122,18
21305,2235,276180,18
21305,2234,276127,18
21305,2235,276190,18
21305,2234,276133,18
21305,2235,276173,18
21305,2234,276116,18
21305,2234,276121,18
21305,2234,276126,18
21305,2235,276189,18
21305,2234,276132,18
21305,2234,276120,18
21305,2235,276172,18
21305,2234,276131,18
21305,2235,276179,18
21305,2234,276115,18
21305,2235,276188,18
21305,2234,276130,18
21305,2235,276178,18
21305,2235,276171,18
21305,2234,276114,18
21305,2234,276119,18
21305,2235,276187,18
21305,2234,276125,18
21305,2235,276177,18
21305,2235,276170,18
21305,2234,276113,18
21305,2235,276186,18
21305,2234,276124,18
21305,2235,276176,18
21305,2235,276185,18
21306,2234,276151,18
21306,2235,276195,18
21306,2234,276164,18
21306,2235,276209,18
21306,2234,276144,18
21306,2235,276201,18
21306,2234,276163,18
21306,2235,276208,18
21306,2235,276194,18
21306,2234,276143,18
21306,2234,276150,18
21306,2235,276200,18
21306,2234,276158,18
21306,2235,276207,18
21306,2235,276193,18
21306,2234,276142,18
21306,2234,276149,18
21306,2235,276199,18
21306,2234,276157,18
21306,2234,276155,18
21306,2234,276162,18
21306,2235,276205,18
21306,2234,276156,18
21306,2235,276198,18
21306,2234,276148,18
21306,2234,276147,18
21306,2235,276206,18
21306,2234,276168,18
21306,2235,276192,18
21306,2234,276141,18
21306,2234,276154,18
21306,2235,276211,18
21306,2234,276161,18
21306,2235,276204,18
21306,2234,276167,18
21306,2235,276197,18
21306,2234,276146,18
21306,2234,276153,18
21306,2235,276210,18
21306,2234,276160,18
21306,2235,276203,18
21306,2234,276166,18
21306,2235,276196,18
21306,2234,276145,18
21306,2234,276152,18
21306,2234,276159,18
21306,2235,276202,18
21306,2234,276165,18
21323,2235,276367,38
21323,2234,276333,38
21323,2235,276375,38
21323,2234,276340,38
21323,2235,276359,38
21323,2234,276322,38
21323,2234,276334,38
21323,2235,276361,38
21323,2234,276324,38
21323,2235,276368,38
21323,2234,276329,38
21323,2235,276360,38
21323,2234,276330,38
21323,2234,276323,38
21323,2235,276369,38
21323,2234,276325,38
21323,2235,276362,38
21323,2234,276335,38
21323,2235,276370,38
21323,2234,276326,38
21323,2235,276363,38
21323,2234,276331,38
21323,2235,276371,38
21323,2234,276336,38
21323,2235,276364,38
21323,2234,276332,38
21323,2235,276372,38
21323,2234,276337,38
21323,2235,276365,38
21323,2234,276338,38
21323,2235,276373,38
21323,2234,276327,38
21323,2235,276366,38
21323,2234,276339,38
21323,2235,276374,38
21323,2234,276328,38
21324,2234,327568,38
21324,2234,276315,38
21324,2234,276321,38
21324,2234,327567,38
21324,2234,276314,38
21324,2234,327521,38
21324,2234,276312,38
21324,2234,276320,38
21324,2234,276311,38
21324,2234,276310,38
21324,2234,327566,38
21324,2234,276309,38
21324,2234,276313,38
21324,2234,276319,38
21324,2234,276308,38
21324,2234,276318,38
21324,2234,327565,38
21324,2234,276317,38
21324,2234,276316,38
21326,2359,276584,47
21326,2359,313088,47
21326,2234,313221,47
21326,2358,313054,47
21326,2234,313220,47
21326,2358,313053,47
21326,2359,313087,47
21326,2234,313219,47
21326,2358,313052,47
21326,2359,313086,47
21326,2358,313051,47
21326,2359,313085,47
21326,2234,313218,47
21326,2234,313217,47
21326,2358,313049,47
21326,2359,313084,47
21326,2234,313216,47
21326,2358,313055,47
21326,2234,313222,47
21326,2359,313089,47
21326,2358,313056,47
21326,2234,313223,47
21326,2358,313057,47
21326,2234,313224,47
21326,2359,313090,47
21326,2358,313058,47
21326,2234,313225,47
21326,2358,313059,47
21326,2234,313226,47
21326,2359,313091,47
21326,2358,313060,47
21326,2234,313227,47
21326,2359,313092,47
21326,2358,313061,47
21326,2234,313228,47
21326,2359,313093,47
21326,2358,313062,47
21326,2234,313229,47
21326,2358,313063,47
21326,2234,313230,47
21326,2359,313094,47
21326,2358,313064,47
21326,2234,313231,47
21326,2358,313065,47
21326,2234,313232,47
21326,2359,313095,47
21326,2358,313066,47
21326,2234,313233,47
21326,2359,313096,47
21326,2358,313067,47
21326,2234,313234,47
21326,2359,313083,47
21326,2358,313050,47
21326,2358,313068,47
21326,2359,313097,47
21326,2358,313069,47
21326,2234,313235,47
21326,2358,313070,47
21326,2234,313236,47
21326,2358,313071,47
21326,2359,313098,47
21326,2234,313237,47
21326,2358,313072,47
21326,2359,313099,47
21326,2234,313238,47
21326,2359,313100,47
21326,2358,313073,47
21326,2359,313101,47
21326,2358,313074,47
21326,2234,313239,47
21326,2358,313075,47
21326,2359,313102,47
21326,2234,313240,47
21326,2358,313076,47
21326,2359,313103,47
21326,2358,313077,47
21326,2234,313241,47
21326,2358,313078,47
21326,2234,313242,47
21326,2359,313104,47
21326,2358,313079,47
21326,2234,313243,47
21326,2359,313105,47
21326,2358,313080,47
21326,2234,276430,47
21326,2234,276456,47
21326,2359,313106,47
21326,2358,313081,47
21326,2234,276447,47
21326,2358,313082,47
21326,2359,276603,47
21326,2234,276440,47
21326,2358,276509,47
21326,2234,276424,47
21327,2234,276503,47
21328,2358,313119,47
21328,2358,276544,47
21328,2359,276612,47
21328,2234,276457,47
21328,2234,276486,47
21328,2359,276630,47
21328,2358,276561,47
21328,2234,276493,47
21328,2359,313169,47
21328,2358,313144,47
21328,2234,313273,47
21328,2359,313168,47
21328,2358,313143,47
21328,2234,313272,47
21328,2359,313167,47
21328,2358,313142,47
21328,2234,313271,47
21328,2358,313141,47
21328,2234,313270,47
21328,2358,313140,47
21328,2359,313166,47
21328,2234,313269,47
21328,2358,313139,47
21328,2359,313165,47
21328,2234,313268,47
21328,2358,313138,47
21328,2359,313164,47
21328,2358,313137,47
21328,2234,313267,47
21328,2359,313163,47
21328,2358,313136,47
21328,2359,313162,47
21328,2234,313266,47
21328,2358,313135,47
21328,2359,313161,47
21328,2358,313134,47
21328,2234,313265,47
21328,2358,313133,47
21328,2234,313264,47
21328,2359,313160,47
21328,2358,313132,47
21328,2234,313263,47
21328,2358,313131,47
21328,2234,313262,47
21328,2359,313159,47
21328,2358,313130,47
21328,2234,313261,47
21328,2358,313129,47
21328,2359,313158,47
21328,2234,313260,47
21328,2358,313128,47
21328,2358,313127,47
21328,2234,313259,47
21328,2359,313157,47
21328,2358,313126,47
21328,2234,313258,47
21328,2359,313156,47
21328,2358,313125,47
21328,2234,313257,47
21328,2359,313155,47
21328,2358,313124,47
21328,2234,313256,47
21328,2358,313123,47
21328,2234,313255,47
21328,2359,313154,47
21328,2358,313122,47
21328,2234,313254,47
21328,2358,313121,47
21328,2234,313253,47
21328,2359,313153,47
21328,2358,313120,47
21328,2234,313252,47
21328,2359,313152,47
21328,2234,313251,47
21328,2359,313151,47
21328,2358,313118,47
21328,2234,313250,47
21328,2358,313117,47
21328,2234,313249,47
21328,2359,313150,47
21328,2234,313248,47
21328,2358,313116,47
21328,2359,313149,47
21328,2358,313115,47
21328,2234,313247,47
21328,2359,313148,47
21328,2358,313114,47
21328,2234,313246,47
21328,2359,313147,47
21328,2358,313113,47
21328,2234,313245,47
21328,2359,313146,47
21328,2358,313112,47
21328,2234,313244,47
21339,2696,304928,44
21339,2234,276743,44
21339,2696,304926,44
21339,2234,276739,44
21339,2696,304927,44
21339,2235,276778,44
21339,2234,276742,44
21339,2696,304925,44
21339,2235,276775,44
21339,2234,276740,44
21339,2696,304930,44
21339,2235,276777,44
21339,2235,276776,44
21339,2696,304929,44
21339,2234,276741,44
21343,2696,304943,44
21343,2696,304947,44
21343,2234,276749,44
21343,2235,276795,44
21343,2696,304946,44
21343,2234,276759,44
21343,2235,276783,44
21343,2234,276754,44
21343,2696,304945,44
21343,2234,276758,44
21343,2235,276788,44
21343,2696,304944,44
21343,2234,276753,44
21343,2235,276794,44
21343,2234,276757,44
21343,2235,276787,44
21343,2696,304942,44
21343,2234,276752,44
21343,2235,276786,44
21343,2235,276793,44
21343,2696,304941,44
21343,2234,276751,44
21343,2696,304940,44
21343,2234,276750,44
21343,2235,276792,44
21343,2696,304939,44
21343,2234,276756,44
21343,2235,276785,44
21343,2235,276791,44
21343,2696,304938,44
21343,2234,276760,44
21343,2235,276790,44
21343,2696,304937,44
21343,2234,276755,44
21343,2235,276784,44
21343,2235,276789,44
21344,2235,276782,44
21344,2696,304936,44
21344,2235,276781,44
21344,2234,276747,44
21344,2234,276746,44
21344,2696,304933,44
21344,2235,276779,44
21344,2235,276780,44
21344,2234,276745,44
21344,2696,304934,44
21344,2234,276744,44
21344,2696,304932,44
21344,2234,276748,44
21344,2696,304931,44
21344,2696,304935,44
21345,2235,276804,44
21345,2234,276768,44
21345,2235,276798,44
21345,2696,304949,44
21345,2235,276799,44
21345,2235,276808,44
21345,2696,304958,44
21345,2234,276769,44
21345,2234,276761,44
21345,2234,276762,44
21345,2696,304957,44
21345,2234,276772,44
21345,2235,276796,44
21345,2234,276766,44
21345,2696,304956,44
21345,2235,276802,44
21345,2234,276771,44
21345,2696,304955,44
21345,2235,276807,44
21345,2234,276765,44
21345,2235,276801,44
21345,2696,304954,44
21345,2234,276770,44
21345,2696,304953,44
21345,2234,276764,44
21345,2235,276800,44
21345,2235,276806,44
21345,2696,304952,44
21345,2234,276763,44
21345,2235,276805,44
21345,2696,304951,44
21345,2696,304950,44
21345,2235,276803,44
21345,2234,276767,44
21345,2235,276797,44
21345,2696,304948,44
21354,2234,276943,33
21354,2234,276916,33
21354,2696,303198,33
21354,2359,277522,33
21354,2358,277452,33
21354,2234,276928,33
21354,2696,303208,33
21354,2358,277461,33
21354,2359,277531,33
21354,2234,276933,33
21354,2696,303207,33
21354,2358,277475,33
21354,2234,276940,33
21354,2696,303232,33
21354,2359,277542,33
21354,2234,276923,33
21354,2696,303231,33
21354,2358,277456,33
21354,2359,277527,33
21354,2234,276927,33
21354,2696,303230,33
21354,2358,277460,33
21354,2359,277537,33
21354,2234,276932,33
21354,2696,303229,33
21354,2358,277474,33
21354,2359,277541,33
21354,2234,276937,33
21354,2696,303228,33
21354,2358,277477,33
21354,2234,276944,33
21354,2696,303227,33
21354,2359,277530,33
21354,2234,276922,33
21354,2696,303226,33
21354,2358,277469,33
21354,2359,277536,33
21354,2358,277473,33
21354,2234,276939,33
21354,2696,303225,33
21354,2359,277524,33
21354,2234,276921,33
21354,2696,303224,33
21354,2358,277455,33
21354,2359,277529,33
21354,2358,277468,33
21354,2234,276936,33
21354,2359,277540,33
21354,2358,277472,33
21354,2234,276920,33
21354,2696,303223,33
21354,2359,277526,33
21354,2234,276926,33
21354,2358,277459,33
21354,2696,303222,33
21354,2234,276931,33
21354,2359,277535,33
21354,2358,277467,33
21354,2358,277471,33
21354,2359,277539,33
21354,2234,276935,33
21354,2696,303221,33
21354,2234,276938,33
21354,2696,303220,33
21354,2234,276919,33
21354,2696,303219,33
21354,2358,277454,33
21354,2359,277528,33
21354,2234,276925,33
21354,2696,303218,33
21354,2358,277458,33
21354,2234,276930,33
21354,2696,303217,33
21354,2359,277534,33
21354,2358,277466,33
21354,2696,303216,33
21354,2358,277476,33
21354,2234,276934,33
21354,2696,303215,33
21354,2359,277525,33
21354,2234,276918,33
21354,2696,303214,33
21354,2358,277457,33
21354,2359,277533,33
21354,2234,276924,33
21354,2696,303213,33
21354,2358,277465,33
21354,2359,277523,33
21354,2234,276942,33
21354,2696,303212,33
21354,2358,277453,33
21354,2234,276917,33
21354,2696,303211,33
21354,2359,277532,33
21354,2358,277464,33
21354,2234,276929,33
21354,2696,303210,33
21354,2358,277470,33
21354,2359,277538,33
21354,2234,276941,33
21354,2696,303209,33
21364,2358,277485,33
21364,2696,303233,33
21364,2234,276945,33
21364,2358,277484,33
21364,2234,276952,33
21364,2359,277548,33
21364,2358,277478,33
21364,2696,303240,33
21364,2234,276948,33
21364,2359,277546,33
21364,2358,277480,33
21364,2234,276947,33
21364,2696,303239,33
21364,2359,277547,33
21364,2696,303238,33
21364,2234,276954,33
21364,2358,277487,33
21364,2359,277550,33
21364,2696,303237,33
21364,2234,276951,33
21364,2358,277479,33
21364,2359,277552,33
21364,2359,277545,33
21364,2358,277483,33
21364,2696,303236,33
21364,2234,276950,33
21364,2696,303235,33
21364,2234,276953,33
21364,2358,277486,33
21364,2359,277549,33
21364,2696,303234,33
21364,2359,277544,33
21364,2234,276946,33
21364,2358,277482,33
21364,2234,276949,33
21364,2696,303241,33
21364,2359,277551,33
21364,2234,276955,33
21364,2358,277481,33
21364,2696,303242,33
21364,2359,277543,33
21365,2359,277556,33
21365,2696,304180,33
21365,2234,276964,33
21365,2358,277495,33
21365,2696,304179,33
21365,2234,276968,33
21365,2359,277566,33
21365,2358,277501,33
21365,2358,277505,33
21365,2359,277570,33
21365,2234,276972,33
21365,2696,304178,33
21365,2234,276976,33
21365,2696,304177,33
21365,2234,276959,33
21365,2696,304176,33
21365,2358,277490,33
21365,2359,277559,33
21365,2358,277494,33
21365,2359,277565,33
21365,2358,277500,33
21365,2696,304175,33
21365,2234,276971,33
21365,2358,277510,33
21365,2359,277555,33
21365,2696,304174,33
21365,2234,276958,33
21365,2696,304173,33
21365,2358,277493,33
21365,2359,277564,33
21365,2234,276963,33
21365,2696,304172,33
21365,2358,277499,33
21365,2359,277554,33
21365,2234,276979,33
21365,2358,277489,33
21365,2696,304171,33
21365,2234,276957,33
21365,2696,304170,33
21365,2359,277563,33
21365,2358,277498,33
21365,2234,276967,33
21365,2696,304169,33
21365,2358,277504,33
21365,2359,277569,33
21365,2234,276978,33
21365,2696,304168,33
21365,2696,304190,33
21365,2358,277488,33
21365,2234,276956,33
21365,2359,277553,33
21365,2696,304189,33
21365,2358,277497,33
21365,2359,277562,33
21365,2234,276970,33
21365,2696,304188,33
21365,2358,277509,33
21365,2359,277573,33
21365,2358,277492,33
21365,2359,277558,33
21365,2234,276965,33
21365,2696,304187,33
21365,2358,277496,33
21365,2359,277568,33
21365,2234,276969,33
21365,2696,304186,33
21365,2358,277508,33
21365,2234,276974,33
21365,2359,277572,33
21365,2696,304185,33
21365,2358,277511,33
21365,2234,276980,33
21365,2696,304184,33
21365,2359,277561,33
21365,2234,276962,33
21365,2696,304183,33
21365,2358,277503,33
21365,2359,277567,33
21365,2358,277507,33
21365,2234,276977,33
21365,2696,304182,33
21365,2359,277557,33
21365,2234,276961,33
21365,2696,304181,33
21365,2358,277491,33
21365,2359,277560,33
21365,2358,277502,33
21365,2234,276973,33
21365,2358,277506,33
21365,2359,277571,33
21365,2234,276960,33
21365,2234,276966,33
21366,2234,276982,33
21366,2234,276983,33
21366,2696,304191,33
21366,2234,276985,33
21366,2696,304192,33
21366,2234,276981,33
21366,2696,304193,33
21366,2696,304194,33
21366,2234,276984,33
21367,2696,304195,33
21367,2234,276987,33
21367,2696,304205,33
21367,2234,276988,33
21368,2234,276993,33
21368,2696,304217,33
21368,2358,277517,33
21368,2696,304218,33
21368,2359,277581,33
21368,2358,277521,33
21368,2234,276991,33
21368,2696,304219,33
21368,2359,277578,33
21368,2696,304220,33
21368,2234,276996,33
21368,2358,277514,33
21368,2359,277577,33
21368,2234,276997,33
21368,2696,304221,33
21368,2358,277512,33
21368,2359,277574,33
21368,2358,277518,33
21368,2234,276989,33
21368,2696,304206,33
21368,2359,277582,33
21368,2358,277515,33
21368,2234,276992,33
21368,2359,277579,33
21368,2358,277519,33
21368,2234,276990,33
21368,2696,304216,33
21368,2234,276994,33
21368,2358,277513,33
21368,2359,277583,33
21368,2359,277576,33
21368,2234,276995,33
21368,2358,277516,33
21368,2696,304215,33
21368,2359,277575,33
21368,2359,277580,33
21368,2358,277520,33
21414,2234,278145,49
21414,2235,278359,49
21414,2234,278143,49
21414,2235,278357,49
21414,2234,278144,49
21414,2235,278363,49
21414,2234,302848,49
21414,2235,278364,49
21414,2234,302849,49
21414,2235,278358,49
21414,2234,278142,49
21414,2234,278146,49
21414,2235,278360,49
21414,2234,278147,49
21414,2234,278148,49
21414,2235,278361,49
21414,2235,278362,49
21414,2235,278356,49
21415,2234,278175,49
21415,2234,278176,49
21415,2235,278388,49
21415,2235,278389,49
21415,2234,278177,49
21415,2235,278387,49
21415,2234,278174,49
21415,2234,278173,49
21416,2234,278182,49
21417,2234,278157,49
21417,2234,278178,49
21417,2235,278375,49
21417,2235,278374,49
21417,2234,278156,49
21418,2235,278379,49
21418,2235,278378,49
21418,2234,302855,49
21420,2235,302937,49
21420,2234,278186,49
21420,2234,278190,49
21420,2234,278185,49
21420,2234,302932,49
21420,2234,278184,49
21420,2235,278392,49
21420,2235,278393,49
21420,2234,302851,49
21420,2235,278391,49
21420,2234,302931,49
21420,2235,278390,49
21421,2234,278180,49
21422,2235,278366,49
21422,2234,302939,49
21422,2235,278367,49
21422,2234,278152,49
21422,2235,278370,49
21422,2234,278153,49
21422,2235,278371,49
21422,2234,278154,49
21422,2235,278372,49
21422,2234,278183,49
21422,2234,278155,49
21422,2235,278373,49
21422,2235,278365,49
21422,2234,278149,49
21422,2234,278150,49
21422,2235,278368,49
21422,2234,278151,49
21422,2234,302938,49
21422,2235,278369,49
21423,2234,278159,49
21423,2234,278189,49
21423,2235,278377,49
21423,2234,278181,49
21423,2234,278187,49
21423,2234,278188,49
21423,2234,278179,49
21423,2235,278394,49
21423,2235,278376,49
21423,2235,278395,49
21423,2235,278397,49
21423,2234,278158,49
21423,2235,278396,49
21424,2234,302924,49
21424,2234,302922,49
21424,2235,302925,49
21424,2234,278191,49
21424,2234,302923,49
21424,2235,302927,49
21424,2235,302926,49
21426,2235,278382,49
21426,2234,278165,49
21426,2235,278381,49
21426,2235,278385,49
21426,2234,278169,49
21426,2235,278386,49
21426,2234,278171,49
21426,2234,278170,49
21426,2235,278384,49
21426,2234,302933,49
21426,2234,278172,49
23347,2234,302799,4
